%YAML:1.0
---
calibration_time: "Fri Dec 13 13:31:16 2019"
image_width: 2048
image_height: 2048
board_width: 10
board_height: 8
square_size: 9.9999997764825821e-03
flags: 0
camera_matrix: !!opencv-matrix
   rows: 3
   cols: 3
   dt: d
   data: [ 4.7462118139325848e+03, 0., 1.0080945173744743e+03, 0.,
       4.7455204819050095e+03, 1.0120250260937200e+03, 0., 0., 1. ]
distortion_coefficients: !!opencv-matrix
   rows: 5
   cols: 1
   dt: d
   data: [ -1.7594430643901102e-01, 3.3944572316407853e+00,
       -2.3371152244326972e-04, 5.1775919677536571e-05, 0. ]
avg_reprojection_error: 9.7837731777654646e-02
